4
5
9
14
11
10
14
21
9
10
15
13
16
19
24
14
19
29
24
21
18
18
26
28
26
33
35
23
17
22
24
19
21
19
21
20
30
27
30
20
26
29
24
25
23
28
37
34
34
34
33
35
22
31
21
29
29
30
32
34
41
30
37
44
39
31
21
20
27
21
25
33
34
29
32
35
21
27
27
28
27
29
30
30
29
31
33
25
24
15
21
22
25
35
27
28
29
31
36
40
32
36
35
33
23
24
26
31
27
32
32
33
30
36
32
34
33
34
36
41
38
41
48
48
50
42
34
39
37
35
37
31
33
36
40
30
34
37
40
39
45
44
54
37
39
35
29
36
30
29
30
34
32
31
35
31
32
38
37
38
35
41
41
46
44
49
41
44
57
49
49
45
47
41
45
44
47
48
54
59
54
56
55
60
59
55
57
64
67
65
61
53
47
43
47
49
49
56
57
52
54
62
52
57
57
57
53
56
56
59
61
59
57
62
68
65
68
64
64
63
66
68
72
72
69
71
65
68
67
68
71
69
71
64
62
69
63
70
71
72
74
74
80
84
83
86
87
86
86
91
88
91
86
75
74
69
69
70
71
72
75
75
73
78
82
82
80
82
80
81
82
83
88
89
93
95
96
98
97
88
90
94
92
89
79
71
68
54
54
61
57
50
54
41
42
39
43
49
53
50
52
51
56
44
50
52
46
49
48
51
57
59
61
65
66
69
66
71
67
65
63
62
49
57
56
52
57
57
61
67
65
56
48
49
46
36
43
48
50
51
52
50
56
65
63
65
53
44
48
52
53
53
57
59
64
58
65
67
61
63
62
62
51
58
54
56
65
67
68
64
67
69
71
67
66
67
67
62
64
66
71
75
79
78
79
77
81
85
88
89
82
73
75
81
78
75
65
61
68
71
64
66
64
68
69
73
67
69
68
72
74
75
78
84
84
90
89
92
89
87
88
95
95
97
95
85
88
91
89
92
93
94
93
90
91
82
73
67
66
58
54
55
59
59
64
60
62
67
67
68
76
76
79
81
76
75
78
82
81
84
87
91
82
72
77
73
74
73
75
77
72
72
69
71
77
80
83
82
82
83
88
86
87
89
92
91
93
94
93
74
67
74
71
72
72
79
84
79
79
72
71
75
78
75
73
83
80
80
84
80
85
87
89
88
90
91
90
87
89
89
93
95
96
95
94
95
95
96
99
99
98
97
95
96
92
92
94
96
97
98
98
96
95
97
97
98
97
95
96
91
89
88
86
82
85
81
82
83
89
88
84
82
75
81
85
83
85
90
90
91
90
89
92
95
95
93
84
83
74
79
84
85
80
77
71
67
59
54
59
61
65
64
75
70
73
75
72
72
67
70
71
73
72
76
75
79
80
79
81
81
85
85
91
92
91
92
92
86
84
87
87
92
82
91
87
87
83
85
79
78
79
83
77
73
73
75
78
80
81
77
81
80
84
86
82
86
85
85
82
85
83
85
85
87
86
84
85
89
87
88
90
94
90
94
96
96
94
82
83
79
80
84
85
88
88
88
88
90
85
83
82
85
85
84
85
84
87
82
84
86
86
90
90
92
93
92
94
94
94
4
6
11
9
16
14
18
10
13
18
16
19
24
25
27
26
25
28
34
31
27
29
29
33
36
35
36
39
41
40
39
41
46
39
41
35
34
42
45
49
46
52
48
51
41
46
49
49
51
47
46
48
47
48
50
53
55
57
58
51
26
29
34
30
31
32
36
33
34
33
32
34
36
36
35
40
32
34
39
40
39
42
49
48
48
43
46
41
37
36
39
39
42
45
44
44
50
50
50
41
49
47
49
48
54
51
51
52
46
41
45
41
40
48
45
40
44
48
54
59
62
58
62
65
58
56
56
52
55
60
55
58
62
58
60
59
61
58
57
57
63
66
64
67
70
62
65
61
58
62
65
63
63
71
77
62
64
57
59
50
54
41
43
50
55
66
58
57
54
53
54
59
51
52
57
57
63
64
51
60
53
57
61
59
60
65
63
62
62
58
55
58
63
64
66
69
66
65
72
71
74
70
62
59
57
58
62
63
64
68
61
55
57
59
62
60
62
64
61
57
61
63
64
68
66
67
70
73
77
75
75
79
78
79
75
74
79
78
74
75
80
80
81
84
80
76
72
61
61
59
61
62
53
61
63
69
70
66
73
67
59
57
64
66
67
71
67
68
70
75
79
75
75
75
81
82
80
80
82
84
88
87
86
87
85
88
86
87
83
85
71
67
73
76
79
81
82
83
81
83
77
81
81
80
83
78
76
74
75
79
85
83
88
79
79
82
80
87
68
59
61
62
66
67
70
73
68
70
72
78
72
67
73
64
63
63
70
61
63
60
65
61
65
66
68
73
77
77
73
78
69
69
78
76
76
73
67
72
74
68
68
70
71
76
79
76
71
74
70
75
75
75
76
67
72
70
73
75
71
74
66
77
77
78
74
76
76
70
78
77
79
80
83
84
79
80
81
82
82
84
87
81
73
65
64
64
67
68
65
70
71
65
58
55
56
67
59
66
65
66
70
67
68
70
69
76
71
77
69
66
68
75
78
83
86
83
82
82
85
83
83
88
69
68
58
63
61
62
54
63
69
59
51
58
63
63
66
70
71
70
66
63
63
63
65
49
55
58
59
59
62
65
68
73
70
63
62
68
73
77
74
71
71
73
73
74
75
77
80
84
84
84
85
86
84
81
66
62
66
68
70
66
64
66
58
61
65
65
71
75
65
70
79
76
76
76
79
76
80
82
84
88
86
88
80
79
82
75
71
69
69
73
73
75
77
82
81
87
86
88
89
93
92
89
86
89
91
90
91
92
95
97
95
96
97
95
96
95
96
96
95
87
89
91
92
91
93
95
96
98
98
99
97
97
98
99
100
99
98
98
98
98
99
99
98
96
99
98
99
100
99
99
100
100
100
100
99
98
98
98
95
92
79
77
80
84
78
85
72
67
64
59
61
58
61
65
62
65
73
73
72
70
72
73
73
75
76
77
81
80
85
81
82
85
87
84
87
84
88
90
90
91
82
84
75
76
81
83
83
84
82
85
86
89
91
91
88
92
91
93
95
96
97
97
94
97
97
99
98
80
83
85
84
86
86
77
77
73
76
74
77
70
74
75
80
77
78
79
79
84
84
80
85
83
86
86
80
82
84
7
12
12
15
21
22
18
23
27
33
28
33
36
44
42
42
42
46
44
46
47
43
44
49
49
52
52
52
57
51
52
45
50
48
45
43
48
50
50
51
52
45
54
53
59
63
64
63
61
60
61
67
67
64
65
71
69
68
72
74
73
54
64
70
70
66
65
60
66
64
65
66
60
65
63
65
71
66
63
61
49
50
50
50
57
64
63
62
63
69
69
61
67
66
67
68
68
70
76
76
75
78
82
80
77
81
87
85
81
76
64
65
60
66
60
64
61
63
68
71
81
69
68
71
73
73
76
74
83
81
84
85
85
84
83
85
87
91
93
90
85
88
88
91
88
91
94
93
91
95
94
90
85
88
79
82
82
83
88
84
79
79
77
75
74
76
81
81
82
82
82
84
89
90
89
92
87
83
86
85
85
80
79
79
76
78
81
82
82
78
79
80
85
84
84
83
87
90
91
91
88
90
94
86
90
90
94
92
84
82
84
87
88
85
86
87
91
87
90
92
95
95
94
94
95
96
97
98
98
85
85
79
76
77
80
81
82
85
85
84
86
89
84
86
89
93
94
94
97
96
96
97
97
98
99
99
99
100
100
97
96
98
97
95
96
92
93
96
94
97
95
91
92
89
93
94
96
96
97
98
98
96
92
90
94
95
94
94
97
98
98
93
93
93
95
93
89
90
90
90
90
89
90
92
93
75
77
81
86
89
93
96
97
98
97
97
99
99
96
93
94
80
81
83
87
89
84
83
89
84
86
88
90
90
93
90
92
89
95
95
96
96
97
97
97
98
97
98
92
92
92
93
92
91
92
94
90
96
96
97
99
99
98
99
98
98
98
97
97
96
94
96
96
97
99
98
97
98
99
98
98
96
97
97
96
98
95
94
95
96
96
97
98
99
99
99
98
98
99
99
98
98
99
99
99
98
99
99
100
99
99
99
99
100
100
100
100
99
95
95
97
97
97
96
96
95
95
94
96
100
100
100
100
100
100
99
99
100
100
100
100
100
100
100
100
100
100
100
100
100
100
100
100
100
100
100
100
100
100
100
100
100
100
100
100
100
100
99
99
99
100
100
100
100
100
100
100
99
99
94
89
77
75
77
77
82
75
77
86
89
90
90
89
89
89
90
91
94
94
96
97
98
99
99
99
92
95
91
94
90
91
96
95
99
99
99
99
99
100
100
100
100
100
100
100
100
100
100
100
100
100
100
100
100
100
99
100
100
100
100
100
100
100
100
100
100
100
99
99
99
99
100
100
98
99
100
100
99
99
96
99
100
100
100
99
100
100
100
100
100
100
100
100
100
100
99
100
100
100
100
100
100
100
100
99
99
99
100
100
100
100
100
100
99
99
99
99
99
98
99
99
99
100
99
96
96
96
99
99
99
99
100
99
100
100
100
100
100
100
100
100
99
100
100
100
100
100
100
100
100
100
100
100
100
100
100
100
100
100
100
100
100
100
100
100
100
100
100
100
100
100
100
100
100
100
100
100
100
100
100
100
100
99
100
100
100
100
100
100
100
100
100
100
100
100
100
100
100
100
100
100
100
100
99
100
100
100
100
100
100
100
100
99
98
99
99
99
100
99
12
8
15
10
16
22
24
29
32
28
30
27
28
23
28
38
41
40
38
53
52
40
41
45
35
36
36
37
44
46
39
43
50
52
47
41
41
32
37
38
44
41
40
42
43
47
54
51
49
46
48
55
52
54
56
57
58
64
63
52
56
56
57
52
55
61
56
50
50
51
51
59
65
68
47
52
48
53
51
56
59
63
66
65
67
69
69
69
70
74
75
72
74
73
75
76
75
77
77
75
72
79
78
76
75
77
77
72
68
65
66
69
70
72
71
76
77
79
76
78
77
78
80
83
83
87
89
87
90
76
78
72
70
68
63
61
60
70
71
76
76
68
66
69
72
73
73
74
72
73
70
74
75
81
87
86
86
89
84
83
78
76
84
84
88
89
89
86
83
82
83
80
68
75
72
71
66
72
76
73
74
78
79
82
88
92
81
79
87
88
88
87
86
87
87
87
85
86
89
91
93
95
93
95
93
94
95
95
91
89
92
94
92
89
92
96
97
98
97
98
99
99
100
100
98
98
99
100
99
99
100
99
90
88
93
91
88
86
85
84
86
92
95
97
97
100
100
100
99
97
98
97
98
96
94
93
96
96
96
98
98
97
96
93
93
88
89
90
89
85
91
90
89
79
85
90
89
90
91
94
93
86
86
87
90
90
90
90
86
89
94
95
96
88
87
90
91
90
92
93
92
93
91
93
92
95
94
96
96
96
94
94
94
97
96
97
97
96
98
100
99
99
99
100
100
100
100
100
100
99
100
100
99
99
98
96
99
99
98
99
99
99
99
99
98
98
98
100
100
100
99
99
99
96
95
98
99
100
100
100
100
100
100
100
99
100
100
100
100
100
99
99
98
98
99
96
97
97
97
98
98
98
96
96
98
97
98
97
98
98
97
98
100
100
100
100
100
100
100
99
99
99
100
100
100
100
100
100
100
100
100
100
100
100
100
100
100
100
100
100
100
100
100
100
100
100
100
100
100
100
100
100
100
100
100
100
100
100
100
100
100
100
100
100
100
100
100
100
100
100
100
100
100
100
100
100
99
99
99
99
95
95
97
97
98
98
98
99
99
99
99
100
100
100
100
99
89
91
92
87
86
91
92
89
84
77
81
83
84
82
89
89
88
90
89
93
95
95
90
89
88
88
91
88
90
92
93
92
91
94
96
95
93
96
98
98
94
94
95
94
93
94
95
94
95
96
100
99
98
99
99
100
100
99
100
100
99
90
92
93
95
95
96
88
81
77
80
81
81
80
81
80
80
84
84
88
86
89
90
93
93
93
93
93
95
96
96
97
94
95
96
98
98
98
97
98
96
97
99
99
100
99
100
100
100
100
100
100
100
100
100
100
100
100
100
99
100
100
100
100
100
100
100
100
99
99
100
99
98
99
100
99
100
99
98
99
100
100
100
100
99
88
88
86
88
89
89
83
88
87
88
86
87
86
90
89
89
90
92
92
95
95
97
95
95
96
92
94
94
97
98
98
98
98
98
98
98
96
94
96
96
97
98
98
99
99
99
99
98
99
98
100
100
99
99
100
100
100
100
100
100
100
100
99
99
99
98
97
87
93
96
96
98
96
96
94
91
90
91
5
4
5
6
13
12
21
20
18
20
23
35
34
34
44
44
37
45
40
44
44
36
32
34
31
37
37
34
37
39
37
37
39
41
48
48
49
50
49
52
47
40
40
43
41
41
41
48
53
59
52
52
54
53
52
55
57
61
54
49
49
56
59
57
56
60
64
65
60
59
59
59
61
63
68
69
71
76
75
68
68
65
71
72
75
57
62
62
62
63
65
66
63
69
72
75
78
75
75
76
76
70
65
73
71
69
75
79
85
81
81
64
49
55
53
53
53
59
61
57
59
63
65
64
67
72
73
65
64
65
65
63
57
60
55
64
63
65
67
67
74
75
78
79
83
85
81
66
59
55
59
65
55
51
53
59
56
62
58
58
55
53
64
61
63
62
58
59
57
61
58
64
71
79
82
80
75
80
80
81
77
80
76
78
80
83
88
88
86
86
83
89
89
92
91
93
94
95
95
94
94
91
94
96
98
99
98
99
100
100
100
99
100
100
100
100
99
99
98
99
97
94
70
75
78
65
68
74
67
72
72
78
83
85
88
84
87
86
87
89
86
86
86
85
85
89
90
87
89
91
91
92
88
88
87
88
93
93
87
86
86
85
81
86
91
82
83
87
87
88
93
94
93
86
88
90
90
91
85
86
87
86
80
76
81
79
81
84
86
86
89
90
93
93
85
86
85
86
86
88
91
91
90
91
90
93
91
92
92
90
91
92
93
94
94
91
94
93
94
94
95
96
96
93
94
96
96
91
97
98
99
100
100
100
100
99
99
100
100
99
98
99
99
100
99
99
99
99
100
100
99
99
100
100
100
100
100
100
100
100
100
100
100
100
100
100
100
100
100
100
99
99
100
100
100
100
100
99
99
87
89
90
90
85
87
90
90
92
91
92
94
95
96
95
96
92
93
91
92
95
96
96
98
92
80
75
64
68
74
80
77
81
84
85
86
85
84
81
87
86
88
90
89
88
84
84
86
83
85
88
90
86
83
85
84
85
89
88
92
91
93
93
94
95
94
93
96
95
96
96
88
86
87
88
89
89
91
93
92
93
92
93
96
95
92
93
96
96
96
96
89
89
91
79
82
87
89
92
92
94
88
92
88
93
89
84
83
84
89
90
90
93
88
85
87
88
90
86
89
89
88
91
92
89
91
91
94
95
94
94
96
97
96
97
98
98
94
96
95
98
99
98
93
93
94
93
94
93
94
97
98
99
98
99
99
99
99
100
99
100
100
100
100
99
94
89
71
71
68
66
70
64
61
69
70
67
71
67
76
67
69
73
76
79
79
78
79
84
83
86
83
84
86
86
90
91
83
81
80
89
90
89
88
92
93
93
91
88
86
87
89
87
95
93
93
89
92
92
93
95
97
97
98
98
87
91
90
88
90
89
92
93
91
94
95
96
97
95
94
95
96
97
97
97
96
99
99
99
100
100
99
99
100
99
99
99
99
99
99
99
99
100
99
99
98
100
99
100
99
95
96
97
95
95
96
98
98
97
97
98
98
100
99
99
100
100
100
100
100
100
100
100
100
100
100
99
99
99
99
100
100
100
100
100
100
100
100
100
99
81
75
79
68
72
76
70
59
63
69
9
10
15
19
15
20
17
19
26
28
29
26
31
34
41
35
34
45
44
33
35
36
36
43
47
43
48
53
48
54
59
56
50
45
43
50
52
60
64
52
57
43
52
51
50
47
53
55
49
53
62
59
61
56
58
59
60
56
62
67
75
67
69
71
73
69
62
58
60
66
62
62
64
61
68
70
64
64
71
78
72
66
65
69
67
55
65
64
67
65
57
54
59
54
46
47
45
50
57
62
61
62
56
60
60
58
60
58
62
64
64
68
63
65
63
62
63
70
75
76
75
73
78
69
69
71
63
66
68
73
77
70
68
72
70
71
71
75
78
82
86
82
83
87
91
86
83
84
86
90
91
74
61
61
65
60
63
71
66
64
66
68
72
78
74
70
73
73
71
69
75
66
75
74
73
76
80
77
75
70
71
72
73
78
68
74
79
76
80
74
70
71
76
83
81
83
83
84
80
80
78
75
78
78
77
74
71
72
77
72
76
73
73
77
77
77
79
84
89
89
91
90
92
91
90
91
94
95
95
97
98
94
93
89
90
91
90
93
91
93
95
96
94
93
90
92
96
97
96
97
95
96
98
95
95
98
97
95
96
86
83
84
83
84
87
87
85
80
84
78
77
81
80
85
88
86
91
90
87
73
80
82
84
88
84
86
82
76
73
77
83
86
83
84
84
79
78
77
78
82
81
80
84
84
83
83
87
88
91
91
91
92
94
90
91
84
83
85
84
80
79
71
69
66
74
76
74
73
81
85
85
84
82
85
89
91
88
91
91
89
85
86
88
75
78
79
85
88
89
80
71
75
74
78
85
83
83
84
84
83
85
85
87
89
91
92
94
95
95
95
92
91
76
74
75
78
80
82
82
78
79
77
79
83
84
87
88
90
90
91
91
88
91
91
92
91
85
82
82
86
89
90
95
94
99
98
98
97
93
93
94
97
97
94
94
96
95
96
97
96
99
98
97
97
98
98
92
92
95
95
97
96
95
98
97
98
100
99
100
99
99
99
99
98
100
98
97
82
89
91
92
93
94
88
87
85
85
88
88
78
76
77
78
84
84
86
89
89
87
86
85
88
82
82
85
84
84
81
76
83
75
80
83
78
81
70
67
66
68
71
69
71
75
70
70
72
71
76
78
80
83
84
85
88
93
87
87
85
84
84
87
91
95
94
95
96
94
87
89
88
89
88
91
88
92
87
88
91
91
93
96
98
98
98
98
95
94
93
88
85
90
89
91
86
76
76
80
82
80
70
77
79
81
77
78
79
80
82
85
78
83
81
85
89
93
93
94
95
94
96
96
95
96
96
95
95
95
97
95
94
95
93
92
93
85
71
66
69
71
72
70
72
71
70
78
79
76
77
80
84
87
90
89
86
89
91
92
93
89
91
93
93
92
91
89
86
89
91
86
88
91
89
89
91
92
96
94
92
89
95
93
96
94
95
96
90
95
95
95
94
96
96
95
94
89
93
92
95
96
96
97
96
96
95
95
93
95
97
97
90
82
88
72
65
67
70
75
77
77
79
74
81
79
80
82
86
84
87
89
90
92
94
96
93
94
94
94
94
94
89
90
93
92
89
87
88
89
87
87
