1.000000 , 0.260000 , 0.260000 , 
1.000000 , 0.240000 , 0.240000 , 
1.000000 , 0.280000 , 0.280000 , 

1.000000 , 0.240000 , 0.240000 , 
1.000000 , 0.240000 , 0.220000 , 
1.000000 , 0.380000 , 0.240000 ,
 
1.000000 , 0.240000 , 0.240000 , 
1.000000 , 0.220000 , 0.220000 , 
1.000000 , 0.240000 , 0.240000 , 

1.000000 , 0.240000 , 0.120000 , 
1.000000 , 0.180000 , 0.160000 , 
1.000000 , 0.220000 , 0.120000 , 

1.000000 , 0.120000 , 0.000000 , 
1.000000 , 0.000000 , 0.000000 , 
1.000000 , 0.000000 , 0.000000 , 

1.000000 , 0.000000 , 0.000000 , 
1.000000 , 0.000000 , 0.000000 , 
1.000000 , 0.000000 , 0.000000 , 
